State	Cities	With	Without
AL	409	303	106
AS	144	15	129
AR	184	69	115
AK	476	404	72
CA	1098	383	715
co	354	76	278
CN	266	15	251
DL	110	6	104
FL	464	179	285
GA	610	146	454
HA	127	6	121
ID	175	34	141
IL	948	207	741
IN	615	157	458
IW	439	51	388
KA	316	137	179
KY	621	295	326
LA	406	115	291
ME	275	15	260
MD	388	22	366
MA	481	19	462
MI	656	140	516
MN	508	17	491
MS	371	163	208
MO	681	376	305
MT	198	32	166
NB	236	44	192
NV	137	15	122
NH	162	12	150
NJ	654	29	625
NM	187	106	81
NY	1041	55	996
NC	674	85	599
ND	165	9	156
OH	892	240	652
OK	441	426	15
OR	334	69	265
PA	1254	77	1177
RD	115	3	112
sc	378	47	331
SD	141	17	124
TN	538	434	104
TX	1221	983	238
UT	187	12	175
VT	163	7	156
VA	483	76	407
WA	394	64	330
wv	482	244	138
WI	426	32	394
WY i20	20	100